0,451
40,3
40,2
40,1
40,0
39,3
39,2
39,1
39,0
0,450
0,449
0,448
0,447
38,3
38,2
38,1
38,0
0,446
0,445
0,444
0,443
0,442
0,441
0,440
0,439
0,438
0,437
0,436
0,435
37,3
37,2
0,434
37,1
37,0
0,433
0,432
0,431
0,430
0,429
0,428
0,427
0,426
0,425
36,3
36,2
0,424
36,1
36,0
0,423
0,422
0,421
0,420
35,4
0,419
0,418
0,417
35,3
35,2
0,416
35,1
35,0
0,415
0,414
0,413
0,412
0,411
0,410
34,4
0,409
0,408
0,407
34,3
34,2
0,406
34,1
34,0
0,405
0,404
0,403
0,402
33,4
0,401
0,400
0,399
33,3
33,2
0,398
33,1
33,0
0,397
0,396
32,3
32,2
0,395
32,1
32,0
0,394
0,393
0,392
0,391
0,390
0,278
0,389
0,388
0,387
0,386
0,385
